[Bit_Dot]
dbNormalDotSize = 12.000000
dbMidDotSize = 6.000000
dbMinDotSize = 3.000000
dbMaxDotSize = 9.000000

