[Bit_Dot]
dbNormalDotSize = 7.000000
dbMidDotSize = 14.000000
dbMinDotSize = 7.000000
dbMaxDotSize = 21.000000

